# 0: Workload (cyc.)
# 1: Nb. ISR
# 2: Nb. POLL
# 3: Average
# 4: StdDev
# 5: 5th ptile
# 6: 95th ptile
# 7: Min
# 8: Max
2000 238 238 2090.421762 350.155207 2039 2351 2039 8550
4000 249 249 4143.217809 570.751313 4039 4392 4039 10970
6000 255 255 6194.604748 721.662352 6039 6392 6039 12956
8000 282 282 8246.219006 844.896986 8039 8392 8039 14979
10000 270 270 10298.074492 959.572134 10039 10392 10039 17742
12000 269 269 12350.373795 1049.034221 12039 12392 12039 19733
14000 287 287 14389.141239 1098.099067 14039 14392 14039 36224
16000 272 272 16435.733455 1180.815397 16039 16392 16039 40224
18000 268 268 18483.661343 1245.311493 18039 18392 18039 44224
20000 262 262 20533.281772 1307.969054 20039 20671 20039 27752
22000 246 246 22582.506745 1377.271340 22039 22671 22039 52224
24000 242 242 24632.913481 1423.534346 24039 27447 24039 31759
26000 259 260 26689.689299 1500.146864 26039 32541 26039 33969
28000 252 252 28740.567555 1557.628508 28039 34945 28039 36039
30000 213 213 30784.823217 1608.026357 30319 36945 30039 38039
32000 247 247 32830.880134 1661.414172 32319 38945 32319 40039
34000 217 217 34877.613902 1713.390523 34319 40945 34319 42039
36000 216 216 36933.996091 1792.897733 36319 42954 36319 44149
38000 220 220 38977.447104 1823.484003 38319 44954 38319 46176
40000 218 219 41025.451333 1873.586117 40319 47225 40319 48167
42000 233 233 43074.887162 1918.814399 42319 49234 42319 50267
44000 213 213 45107.236984 1943.149358 44319 51234 44319 52406
46000 217 217 47151.902545 1994.228798 46319 53234 46319 54176
48000 220 220 49190.538052 2011.482012 48319 55234 48319 56176
50000 217 217 51239.624229 2050.632930 50319 57234 50319 58176
52000 210 210 53281.029886 2082.382759 52319 59234 52319 60176
54000 225 225 55327.436256 2119.154102 54319 61234 54319 62529
56000 219 219 57373.203432 2149.757206 56328 63234 56319 64529
58000 227 228 59410.949781 2183.106108 58328 65234 58319 66529
60000 273 273 61455.523853 2214.601032 60599 67234 60319 68310
62000 223 223 63505.569300 2251.301325 62599 69243 62599 70565
64000 220 220 65553.052025 2282.926060 64599 71505 64599 72310
66000 212 212 67601.535906 2315.127636 66599 73514 66599 74328
68000 210 210 69649.711729 2347.174329 68599 75514 68599 76310
70000 218 218 71696.057350 2387.822143 70599 77514 70599 78337
72000 224 224 73743.064057 2409.947528 72599 79523 72599 80337
74000 200 200 75800.582413 2467.270725 74599 81523 74599 82319
76000 217 217 77838.485540 2462.302252 76599 83523 76599 84337
78000 211 211 79877.613440 2483.551114 78599 85523 78599 86337
80000 224 224 81924.944246 2517.347164 80599 87523 80599 88565
82000 214 214 83977.661547 2529.714794 82599 89523 82599 90528
84000 214 214 85995.346191 2517.584442 84608 91523 84599 92626
86000 216 216 88072.776696 2577.866579 86608 93523 86599 94626
88000 204 204 90118.704139 2601.059783 88608 95523 88599 96608
90000 219 219 92164.715877 2616.336818 90888 97523 90599 98599
92000 219 219 94206.450532 2638.499176 92888 99794 92879 100809
94000 206 206 96251.311444 2654.744877 94888 101803 94879 102608
96000 217 217 98311.935685 2695.011431 96888 103803 96879 104818
98000 203 203 100352.956499 2718.311053 98888 105803 98879 106878
100000 213 213 102419.392638 2753.683496 100888 107803 100879 108869
102000 219 219 104448.331852 2758.365992 102888 109803 102879 110869
104000 212 212 106499.434791 2789.873939 104888 111803 104879 112878
106000 211 211 108538.810493 2808.100345 106888 113803 106879 114878
108000 209 209 110590.726322 2815.404927 108888 115812 108879 116878
110000 219 219 112638.658913 2831.309992 110888 117803 110879 118878
112000 202 202 114687.080764 2854.220517 112888 119812 112879 120878
114000 207 207 116732.739496 2868.184479 114888 121812 114879 122879
116000 206 206 118782.600329 2882.281862 116888 123812 116879 125167
118000 212 212 120843.242697 2916.580672 118897 125812 118879 126888
120000 205 205 122875.639974 2913.056319 121168 128083 120879 129167
122000 204 204 124926.532085 2937.033264 123168 130083 123159 131167
124000 206 206 126968.818892 2952.860213 125168 132083 125159 133167
126000 209 209 129015.311955 2968.854697 127168 134092 127159 135167
128000 206 206 131067.782910 2988.200054 129168 136092 129159 137167
130000 209 209 133110.419414 3000.508733 131168 138092 131159 139167
132000 202 202 135160.308106 3016.200967 133168 140092 133159 141167
134000 206 206 137205.942050 3032.816925 135168 142092 135159 143185
136000 206 206 139253.775877 3042.433104 137168 144092 137159 145185
138000 205 205 141301.463570 3057.623197 139168 146092 139159 147167
140000 203 203 143347.771205 3070.161136 141168 148092 141159 149178
142000 211 211 145399.226918 3082.140031 143168 150092 143168 151167
144000 212 212 147444.786407 3090.198461 145177 152092 145159 153438
146000 201 201 149492.108311 3102.168258 147177 154101 147159 155456
148000 205 205 151543.558758 3115.389456 149177 156354 149168 157438
150000 205 205 153587.277918 3119.112729 151448 158372 151168 159447
152000 208 208 155633.762814 3138.811857 153448 160372 153448 161438
154000 224 224 157690.811776 3170.576680 155457 162372 155448 163456
156000 206 206 159727.031470 3161.743475 157457 164372 157448 165456
158000 209 209 161777.647889 3177.443761 159457 166372 159448 167474
160000 207 207 163823.920278 3187.634275 161457 168372 161448 169456
162000 209 209 165867.519989 3194.198365 163457 170372 163448 171456
164000 213 213 167911.925867 3203.431637 165457 172381 165448 173456
166000 205 205 169970.219319 3219.837675 167457 174381 167448 175456
168000 202 202 172011.256536 3222.579445 169457 176381 169448 177447
170000 200 200 174063.820231 3233.674355 171457 178381 171448 179456
172000 207 207 176112.270377 3238.017358 173457 180381 173448 181474
174000 204 204 178160.065231 3247.545251 175457 182381 175448 183727
176000 212 212 180200.480317 3248.667510 177457 184390 177448 185727
178000 207 207 182254.782219 3259.221508 179466 186652 179448 187745
180000 205 205 184302.879376 3268.834756 181737 188661 181448 189727
182000 208 208 186348.965423 3279.619870 183737 190661 183728 191937
184000 204 204 188383.345797 3278.126493 185737 192661 185728 193727
186000 205 205 190438.144289 3290.513408 187737 194661 187728 195736
188000 209 209 192486.792725 3295.151730 189737 196670 189728 197736
190000 204 204 194526.661128 3304.041723 191737 198670 191728 199736
192000 210 210 196581.532395 3311.266612 193737 200670 193728 201946
194000 204 204 198630.647019 3319.244763 195737 202670 195728 203736
196000 203 203 200673.948416 3323.174874 197737 204670 197728 205736
198000 204 204 202729.813429 3330.329990 199737 206670 199728 207736
200000 202 202 204762.893816 3327.734513 201737 208670 201728 209736
